20120921room104script1take2.mfc.oracle
alert	0.110134912068507
clearthroat	0.0206402045017823
cough	0.0176268831979756
doorslam	0.0409218033634246
drawer	0.119299119771104
keyboard	0.0543415653211045
keys	0.023673524378591
knock	0.0423853450086191
laughter	0.0439861370045364
mouse	0.0308524523880751
pageturn	0.0883620739729754
pendrop	0.0107558426683246
phone	0.0318755606586331
printer	0.0252819449085999
speech	0.0242271053312007
switch	0.00216688026280032
bg	0.313468645193746
55 148 
57 148 
59 148 
61 148 
63 148 
65 148 
67 148 
69 148 
71 148 
73 148 
75 148 
77 148 
79 148 
81 148 
83 148 
85 148 
87 148 
89 148 
91 148 
93 148 
95 148 
97 148 
99 148 
101 148 
103 148 
105 148 
107 148 
109 148 
111 148 
113 148 
115 148 
117 148 
119 148 
121 148 
123 148 
125 148 
127 148 
129 148 
131 148 
133 148 
135 148 
137 148 
139 148 
141 148 
143 148 
145 148 
147 148 
328 353 
330 353 
332 353 
334 353 
336 353 
338 353 
340 353 
342 353 
344 353 
346 353 
348 353 
350 353 
352 353 
403 406 
405 406 
409 420 
411 420 
413 420 
415 420 
417 420 
419 420 
421 429 
423 429 
425 429 
427 429 
449 450 
479 503 
481 503 
483 503 
485 503 
487 503 
489 503 
491 503 
493 503 
495 503 
497 503 
499 503 
501 503 
585 587 
669 734 
671 734 
673 734 
675 734 
677 734 
679 734 
681 734 
683 734 
685 734 
687 734 
689 734 
691 734 
693 734 
695 734 
697 734 
699 734 
701 734 
703 734 
705 734 
707 734 
709 734 
711 734 
713 734 
715 734 
717 734 
719 734 
721 734 
723 734 
725 734 
727 734 
729 734 
731 734 
733 734 
809 814 
811 814 
813 814 
818 819 
823 825 
869 988 
871 988 
873 988 
875 988 
877 988 
879 988 
881 988 
883 988 
885 988 
887 988 
889 988 
891 988 
893 988 
895 988 
897 988 
899 988 
901 988 
903 988 
905 988 
907 988 
909 988 
911 988 
913 988 
915 988 
917 988 
919 988 
921 988 
923 988 
925 988 
927 988 
929 988 
931 988 
933 988 
935 988 
937 988 
939 988 
941 988 
943 988 
945 988 
947 988 
949 988 
951 988 
953 988 
955 988 
957 988 
959 988 
961 988 
963 988 
965 988 
967 988 
969 988 
971 988 
973 988 
975 988 
977 988 
979 988 
981 988 
983 988 
985 988 
987 988 
999 1001 
1022 1202 
1024 1202 
1026 1202 
1028 1202 
1030 1202 
1032 1202 
1034 1202 
1036 1202 
1038 1202 
1040 1202 
1042 1202 
1044 1202 
1046 1202 
1048 1202 
1050 1202 
1052 1202 
1054 1202 
1056 1202 
1058 1202 
1060 1202 
1062 1202 
1064 1202 
1066 1202 
1068 1202 
1070 1202 
1072 1202 
1074 1202 
1076 1202 
1078 1202 
1080 1202 
1082 1202 
1084 1202 
1086 1202 
1088 1202 
1090 1202 
1092 1202 
1094 1202 
1096 1202 
1098 1202 
1100 1202 
1102 1202 
1104 1202 
1106 1202 
1108 1202 
1110 1202 
1112 1202 
1114 1202 
1116 1202 
1118 1202 
1120 1202 
1122 1202 
1124 1202 
1126 1202 
1128 1202 
1130 1202 
1132 1202 
1134 1202 
1136 1202 
1138 1202 
1140 1202 
1142 1202 
1144 1202 
1146 1202 
1148 1202 
1150 1202 
1152 1202 
1154 1202 
1156 1202 
1158 1202 
1160 1202 
1162 1202 
1164 1202 
1166 1202 
1168 1202 
1170 1202 
1172 1202 
1174 1202 
1176 1202 
1178 1202 
1180 1202 
1182 1202 
1184 1202 
1186 1202 
1188 1202 
1190 1202 
1192 1202 
1194 1202 
1196 1202 
1198 1202 
1200 1202 
1208 1215 
1210 1215 
1212 1215 
1214 1215 
1219 1221 
1222 1246 
1224 1246 
1226 1246 
1228 1246 
1230 1246 
1232 1246 
1234 1246 
1236 1246 
1238 1246 
1240 1246 
1242 1246 
1244 1246 
1253 1262 
1255 1262 
1257 1262 
1259 1262 
1261 1262 
1266 1272 
1268 1272 
1270 1272 
1280 1302 
1282 1302 
1284 1302 
1286 1302 
1288 1302 
1290 1302 
1292 1302 
1294 1302 
1296 1302 
1298 1302 
1300 1302 
1325 1542 
1327 1542 
1329 1542 
1331 1542 
1333 1542 
1335 1542 
1337 1542 
1339 1542 
1341 1542 
1343 1542 
1345 1542 
1347 1542 
1349 1542 
1351 1542 
1353 1542 
1355 1542 
1357 1542 
1359 1542 
1361 1542 
1363 1542 
1365 1542 
1367 1542 
1369 1542 
1371 1542 
1373 1542 
1375 1542 
1377 1542 
1379 1542 
1381 1542 
1383 1542 
1385 1542 
1387 1542 
1389 1542 
1391 1542 
1393 1542 
1395 1542 
1397 1542 
1399 1542 
1401 1542 
1403 1542 
1405 1542 
1407 1542 
1409 1542 
1411 1542 
1413 1542 
1415 1542 
1417 1542 
1419 1542 
1421 1542 
1423 1542 
1425 1542 
1427 1542 
1429 1542 
1431 1542 
1433 1542 
1435 1542 
1437 1542 
1439 1542 
1441 1542 
1443 1542 
1445 1542 
1447 1542 
1449 1542 
1451 1542 
1453 1542 
1455 1542 
1457 1542 
1459 1542 
1461 1542 
1463 1542 
1465 1542 
1467 1542 
1469 1542 
1471 1542 
1473 1542 
1475 1542 
1477 1542 
1479 1542 
1481 1542 
1483 1542 
1485 1542 
1487 1542 
1489 1542 
1491 1542 
1493 1542 
1495 1542 
1497 1542 
1499 1542 
1501 1542 
1503 1542 
1505 1542 
1507 1542 
1509 1542 
1511 1542 
1513 1542 
1515 1542 
1517 1542 
1519 1542 
1521 1542 
1523 1542 
1525 1542 
1527 1542 
1529 1542 
1531 1542 
1533 1542 
1535 1542 
1537 1542 
1539 1542 
1541 1542 
1548 1574 
1550 1574 
1552 1574 
1554 1574 
1556 1574 
1558 1574 
1560 1574 
1562 1574 
1564 1574 
1566 1574 
1568 1574 
1570 1574 
1572 1574 
1586 2055 
1588 2055 
1590 2055 
1592 2055 
1594 2055 
1596 2055 
1598 2055 
1600 2055 
1602 2055 
1604 2055 
1606 2055 
1608 2055 
1610 2055 
1612 2055 
1614 2055 
1616 2055 
1618 2055 
1620 2055 
1622 2055 
1624 2055 
1626 2055 
1628 2055 
1630 2055 
1632 2055 
1634 2055 
1636 2055 
1638 2055 
1640 2055 
1642 2055 
1644 2055 
1646 2055 
1648 2055 
1650 2055 
1652 2055 
1654 2055 
1656 2055 
1658 2055 
1660 2055 
1662 2055 
1664 2055 
1666 2055 
1668 2055 
1670 2055 
1672 2055 
1674 2055 
1676 2055 
1678 2055 
1680 2055 
1682 2055 
1684 2055 
1686 2055 
1688 2055 
1690 2055 
1692 2055 
1694 2055 
1696 2055 
1698 2055 
1700 2055 
1702 2055 
1704 2055 
1706 2055 
1708 2055 
1710 2055 
1712 2055 
1714 2055 
1716 2055 
1718 2055 
1720 2055 
1722 2055 
1724 2055 
1726 2055 
1728 2055 
1730 2055 
1732 2055 
1734 2055 
1736 2055 
1738 2055 
1740 2055 
1742 2055 
1744 2055 
1746 2055 
1748 2055 
1750 2055 
1752 2055 
1754 2055 
1756 2055 
1758 2055 
1760 2055 
1762 2055 
1764 2055 
1766 2055 
1768 2055 
1770 2055 
1772 2055 
1774 2055 
1776 2055 
1778 2055 
1780 2055 
1782 2055 
1784 2055 
1786 2055 
1788 2055 
1790 2055 
1792 2055 
1794 2055 
1796 2055 
1798 2055 
1800 2055 
1802 2055 
1804 2055 
1806 2055 
1808 2055 
1810 2055 
1812 2055 
1814 2055 
1816 2055 
1818 2055 
1820 2055 
1822 2055 
1824 2055 
1826 2055 
1828 2055 
1830 2055 
1832 2055 
1834 2055 
1836 2055 
1838 2055 
1840 2055 
1842 2055 
1844 2055 
1846 2055 
1848 2055 
1850 2055 
1852 2055 
1854 2055 
1856 2055 
1858 2055 
1860 2055 
1862 2055 
1864 2055 
1866 2055 
1868 2055 
1870 2055 
1872 2055 
1874 2055 
1876 2055 
1878 2055 
1880 2055 
1882 2055 
1884 2055 
1886 2055 
1888 2055 
1890 2055 
1892 2055 
1894 2055 
1896 2055 
1898 2055 
1900 2055 
1902 2055 
1904 2055 
1906 2055 
1908 2055 
1910 2055 
1912 2055 
1914 2055 
1916 2055 
1918 2055 
1920 2055 
1922 2055 
1924 2055 
1926 2055 
1928 2055 
1930 2055 
1932 2055 
1934 2055 
1936 2055 
1938 2055 
1940 2055 
1942 2055 
1944 2055 
1946 2055 
1948 2055 
1950 2055 
1952 2055 
1954 2055 
1956 2055 
1958 2055 
1960 2055 
1962 2055 
1964 2055 
1966 2055 
1968 2055 
1970 2055 
1972 2055 
1974 2055 
1976 2055 
1978 2055 
1980 2055 
1982 2055 
1984 2055 
1986 2055 
1988 2055 
1990 2055 
1992 2055 
1994 2055 
1996 2055 
1998 2055 
2000 2055 
2002 2055 
2004 2055 
2006 2055 
2008 2055 
2010 2055 
2012 2055 
2014 2055 
2016 2055 
2018 2055 
2020 2055 
2022 2055 
2024 2055 
2026 2055 
2028 2055 
2030 2055 
2032 2055 
2034 2055 
2036 2055 
2038 2055 
2040 2055 
2042 2055 
2044 2055 
2046 2055 
2048 2055 
2050 2055 
2052 2055 
2054 2055 
2067 2308 
2069 2308 
2071 2308 
2073 2308 
2075 2308 
2077 2308 
2079 2308 
2081 2308 
2083 2308 
2085 2308 
2087 2308 
2089 2308 
2091 2308 
2093 2308 
2095 2308 
2097 2308 
2099 2308 
2101 2308 
2103 2308 
2105 2308 
2107 2308 
2109 2308 
2111 2308 
2113 2308 
2115 2308 
2117 2308 
2119 2308 
2121 2308 
2123 2308 
2125 2308 
2127 2308 
2129 2308 
2131 2308 
2133 2308 
2135 2308 
2137 2308 
2139 2308 
2141 2308 
2143 2308 
2145 2308 
2147 2308 
2149 2308 
2151 2308 
2153 2308 
2155 2308 
2157 2308 
2159 2308 
2161 2308 
2163 2308 
2165 2308 
2167 2308 
2169 2308 
2171 2308 
2173 2308 
2175 2308 
2177 2308 
2179 2308 
2181 2308 
2183 2308 
2185 2308 
2187 2308 
2189 2308 
2191 2308 
2193 2308 
2195 2308 
2197 2308 
2199 2308 
2201 2308 
2203 2308 
2205 2308 
2207 2308 
2209 2308 
2211 2308 
2213 2308 
2215 2308 
2217 2308 
2219 2308 
2221 2308 
2223 2308 
2225 2308 
2227 2308 
2229 2308 
2231 2308 
2233 2308 
2235 2308 
2237 2308 
2239 2308 
2241 2308 
2243 2308 
2245 2308 
2247 2308 
2249 2308 
2251 2308 
2253 2308 
2255 2308 
2257 2308 
2259 2308 
2261 2308 
2263 2308 
2265 2308 
2267 2308 
2269 2308 
2271 2308 
2273 2308 
2275 2308 
2277 2308 
2279 2308 
2281 2308 
2283 2308 
2285 2308 
2287 2308 
2289 2308 
2291 2308 
2293 2308 
2295 2308 
2297 2308 
2299 2308 
2301 2308 
2303 2308 
2305 2308 
2307 2308 
2310 2395 
2312 2395 
2314 2395 
2316 2395 
2318 2395 
2320 2395 
2322 2395 
2324 2395 
2326 2395 
2328 2395 
2330 2395 
2332 2395 
2334 2395 
2336 2395 
2338 2395 
2340 2395 
2342 2395 
2344 2395 
2346 2395 
2348 2395 
2350 2395 
2352 2395 
2354 2395 
2356 2395 
2358 2395 
2360 2395 
2362 2395 
2364 2395 
2366 2395 
2368 2395 
2370 2395 
2372 2395 
2374 2395 
2376 2395 
2378 2395 
2380 2395 
2382 2395 
2384 2395 
2386 2395 
2388 2395 
2390 2395 
2392 2395 
2394 2395 
2398 2554 
2400 2554 
2402 2554 
2404 2554 
2406 2554 
2408 2554 
2410 2554 
2412 2554 
2414 2554 
2416 2554 
2418 2554 
2420 2554 
2422 2554 
2424 2554 
2426 2554 
2428 2554 
2430 2554 
2432 2554 
2434 2554 
2436 2554 
2438 2554 
2440 2554 
2442 2554 
2444 2554 
2446 2554 
2448 2554 
2450 2554 
2452 2554 
2454 2554 
2456 2554 
2458 2554 
2460 2554 
2462 2554 
2464 2554 
2466 2554 
2468 2554 
2470 2554 
2472 2554 
2474 2554 
2476 2554 
2478 2554 
2480 2554 
2482 2554 
2484 2554 
2486 2554 
2488 2554 
2490 2554 
2492 2554 
2494 2554 
2496 2554 
2498 2554 
2500 2554 
2502 2554 
2504 2554 
2506 2554 
2508 2554 
2510 2554 
2512 2554 
2514 2554 
2516 2554 
2518 2554 
2520 2554 
2522 2554 
2524 2554 
2526 2554 
2528 2554 
2530 2554 
2532 2554 
2534 2554 
2536 2554 
2538 2554 
2540 2554 
2542 2554 
2544 2554 
2546 2554 
2548 2554 
2550 2554 
2552 2554 
2556 2642 
2558 2642 
2560 2642 
2562 2642 
2564 2642 
2566 2642 
2568 2642 
2570 2642 
2572 2642 
2574 2642 
2576 2642 
2578 2642 
2580 2642 
2582 2642 
2584 2642 
2586 2642 
2588 2642 
2590 2642 
2592 2642 
2594 2642 
2596 2642 
2598 2642 
2600 2642 
2602 2642 
2604 2642 
2606 2642 
2608 2642 
2610 2642 
2612 2642 
2614 2642 
2616 2642 
2618 2642 
2620 2642 
2622 2642 
2624 2642 
2626 2642 
2628 2642 
2630 2642 
2632 2642 
2634 2642 
2636 2642 
2638 2642 
2640 2642 
2648 2649 
2650 2684 
2652 2684 
2654 2684 
2656 2684 
2658 2684 
2660 2684 
2662 2684 
2664 2684 
2666 2684 
2668 2684 
2670 2684 
2672 2684 
2674 2684 
2676 2684 
2678 2684 
2680 2684 
2682 2684 
2686 2688 
2711 2751 
2713 2751 
2715 2751 
2717 2751 
2719 2751 
2721 2751 
2723 2751 
2725 2751 
2727 2751 
2729 2751 
2731 2751 
2733 2751 
2735 2751 
2737 2751 
2739 2751 
2741 2751 
2743 2751 
2745 2751 
2747 2751 
2749 2751 
2753 2791 
2755 2791 
2757 2791 
2759 2791 
2761 2791 
2763 2791 
2765 2791 
2767 2791 
2769 2791 
2771 2791 
2773 2791 
2775 2791 
2777 2791 
2779 2791 
2781 2791 
2783 2791 
2785 2791 
2787 2791 
2789 2791 
2807 2819 
2809 2819 
2811 2819 
2813 2819 
2815 2819 
2817 2819 
2851 2905 
2853 2905 
2855 2905 
2857 2905 
2859 2905 
2861 2905 
2863 2905 
2865 2905 
2867 2905 
2869 2905 
2871 2905 
2873 2905 
2875 2905 
2877 2905 
2879 2905 
2881 2905 
2883 2905 
2885 2905 
2887 2905 
2889 2905 
2891 2905 
2893 2905 
2895 2905 
2897 2905 
2899 2905 
2901 2905 
2903 2905 
2906 2909 
2908 2909 
2943 2953 
2945 2953 
2947 2953 
2949 2953 
2951 2953 
2954 2960 
2956 2960 
2958 2960 
2972 2986 
2974 2986 
2976 2986 
2978 2986 
2980 2986 
2982 2986 
2984 2986 
2989 3003 
2991 3003 
2993 3003 
2995 3003 
2997 3003 
2999 3003 
3001 3003 
3004 3051 
3006 3051 
3008 3051 
3010 3051 
3012 3051 
3014 3051 
3016 3051 
3018 3051 
3020 3051 
3022 3051 
3024 3051 
3026 3051 
3028 3051 
3030 3051 
3032 3051 
3034 3051 
3036 3051 
3038 3051 
3040 3051 
3042 3051 
3044 3051 
3046 3051 
3048 3051 
3050 3051 
3071 3083 
3073 3083 
3075 3083 
3077 3083 
3079 3083 
3081 3083 
3101 3113 
3103 3113 
3105 3113 
3107 3113 
3109 3113 
3111 3113 
3139 3226 
3141 3226 
3143 3226 
3145 3226 
3147 3226 
3149 3226 
3151 3226 
3153 3226 
3155 3226 
3157 3226 
3159 3226 
3161 3226 
3163 3226 
3165 3226 
3167 3226 
3169 3226 
3171 3226 
3173 3226 
3175 3226 
3177 3226 
3179 3226 
3181 3226 
3183 3226 
3185 3226 
3187 3226 
3189 3226 
3191 3226 
3193 3226 
3195 3226 
3197 3226 
3199 3226 
3201 3226 
3203 3226 
3205 3226 
3207 3226 
3209 3226 
3211 3226 
3213 3226 
3215 3226 
3217 3226 
3219 3226 
3221 3226 
3223 3226 
3225 3226 
3270 3275 
3272 3275 
3274 3275 
3295 3351 
3297 3351 
3299 3351 
3301 3351 
3303 3351 
3305 3351 
3307 3351 
3309 3351 
3311 3351 
3313 3351 
3315 3351 
3317 3351 
3319 3351 
3321 3351 
3323 3351 
3325 3351 
3327 3351 
3329 3351 
3331 3351 
3333 3351 
3335 3351 
3337 3351 
3339 3351 
3341 3351 
3343 3351 
3345 3351 
3347 3351 
3349 3351 
3386 3388 
3502 3503 
3592 3596 
3594 3596 
3623 3624 
3642 3648 
3644 3648 
3646 3648 
3669 3672 
3671 3672 
3722 3734 
3724 3734 
3726 3734 
3728 3734 
3730 3734 
3732 3734 
3778 3819 
3780 3819 
3782 3819 
3784 3819 
3786 3819 
3788 3819 
3790 3819 
3792 3819 
3794 3819 
3796 3819 
3798 3819 
3800 3819 
3802 3819 
3804 3819 
3806 3819 
3808 3819 
3810 3819 
3812 3819 
3814 3819 
3816 3819 
3818 3819 
3840 3876 
3842 3876 
3844 3876 
3846 3876 
3848 3876 
3850 3876 
3852 3876 
3854 3876 
3856 3876 
3858 3876 
3860 3876 
3862 3876 
3864 3876 
3866 3876 
3868 3876 
3870 3876 
3872 3876 
3874 3876 
3923 4110 
3925 4110 
3927 4110 
3929 4110 
3931 4110 
3933 4110 
3935 4110 
3937 4110 
3939 4110 
3941 4110 
3943 4110 
3945 4110 
3947 4110 
3949 4110 
3951 4110 
3953 4110 
3955 4110 
3957 4110 
3959 4110 
3961 4110 
3963 4110 
3965 4110 
3967 4110 
3969 4110 
3971 4110 
3973 4110 
3975 4110 
3977 4110 
3979 4110 
3981 4110 
3983 4110 
3985 4110 
3987 4110 
3989 4110 
3991 4110 
3993 4110 
3995 4110 
3997 4110 
3999 4110 
4001 4110 
4003 4110 
4005 4110 
4007 4110 
4009 4110 
4011 4110 
4013 4110 
4015 4110 
4017 4110 
4019 4110 
4021 4110 
4023 4110 
4025 4110 
4027 4110 
4029 4110 
4031 4110 
4033 4110 
4035 4110 
4037 4110 
4039 4110 
4041 4110 
4043 4110 
4045 4110 
4047 4110 
4049 4110 
4051 4110 
4053 4110 
4055 4110 
4057 4110 
4059 4110 
4061 4110 
4063 4110 
4065 4110 
4067 4110 
4069 4110 
4071 4110 
4073 4110 
4075 4110 
4077 4110 
4079 4110 
4081 4110 
4083 4110 
4085 4110 
4087 4110 
4089 4110 
4091 4110 
4093 4110 
4095 4110 
4097 4110 
4099 4110 
4101 4110 
4103 4110 
4105 4110 
4107 4110 
4109 4110 
4182 4282 
4184 4282 
4186 4282 
4188 4282 
4190 4282 
4192 4282 
4194 4282 
4196 4282 
4198 4282 
4200 4282 
4202 4282 
4204 4282 
4206 4282 
4208 4282 
4210 4282 
4212 4282 
4214 4282 
4216 4282 
4218 4282 
4220 4282 
4222 4282 
4224 4282 
4226 4282 
4228 4282 
4230 4282 
4232 4282 
4234 4282 
4236 4282 
4238 4282 
4240 4282 
4242 4282 
4244 4282 
4246 4282 
4248 4282 
4250 4282 
4252 4282 
4254 4282 
4256 4282 
4258 4282 
4260 4282 
4262 4282 
4264 4282 
4266 4282 
4268 4282 
4270 4282 
4272 4282 
4274 4282 
4276 4282 
4278 4282 
4280 4282 
4311 4399 
4313 4399 
4315 4399 
4317 4399 
4319 4399 
4321 4399 
4323 4399 
4325 4399 
4327 4399 
4329 4399 
4331 4399 
4333 4399 
4335 4399 
4337 4399 
4339 4399 
4341 4399 
4343 4399 
4345 4399 
4347 4399 
4349 4399 
4351 4399 
4353 4399 
4355 4399 
4357 4399 
4359 4399 
4361 4399 
4363 4399 
4365 4399 
4367 4399 
4369 4399 
4371 4399 
4373 4399 
4375 4399 
4377 4399 
4379 4399 
4381 4399 
4383 4399 
4385 4399 
4387 4399 
4389 4399 
4391 4399 
4393 4399 
4395 4399 
4397 4399 
4423 4602 
4425 4602 
4427 4602 
4429 4602 
4431 4602 
4433 4602 
4435 4602 
4437 4602 
4439 4602 
4441 4602 
4443 4602 
4445 4602 
4447 4602 
4449 4602 
4451 4602 
4453 4602 
4455 4602 
4457 4602 
4459 4602 
4461 4602 
4463 4602 
4465 4602 
4467 4602 
4469 4602 
4471 4602 
4473 4602 
4475 4602 
4477 4602 
4479 4602 
4481 4602 
4483 4602 
4485 4602 
4487 4602 
4489 4602 
4491 4602 
4493 4602 
4495 4602 
4497 4602 
4499 4602 
4501 4602 
4503 4602 
4505 4602 
4507 4602 
4509 4602 
4511 4602 
4513 4602 
4515 4602 
4517 4602 
4519 4602 
4521 4602 
4523 4602 
4525 4602 
4527 4602 
4529 4602 
4531 4602 
4533 4602 
4535 4602 
4537 4602 
4539 4602 
4541 4602 
4543 4602 
4545 4602 
4547 4602 
4549 4602 
4551 4602 
4553 4602 
4555 4602 
4557 4602 
4559 4602 
4561 4602 
4563 4602 
4565 4602 
4567 4602 
4569 4602 
4571 4602 
4573 4602 
4575 4602 
4577 4602 
4579 4602 
4581 4602 
4583 4602 
4585 4602 
4587 4602 
4589 4602 
4591 4602 
4593 4602 
4595 4602 
4597 4602 
4599 4602 
4601 4602 
4603 4604 
4694 4818 
4696 4818 
4698 4818 
4700 4818 
4702 4818 
4704 4818 
4706 4818 
4708 4818 
4710 4818 
4712 4818 
4714 4818 
4716 4818 
4718 4818 
4720 4818 
4722 4818 
4724 4818 
4726 4818 
4728 4818 
4730 4818 
4732 4818 
4734 4818 
4736 4818 
4738 4818 
4740 4818 
4742 4818 
4744 4818 
4746 4818 
4748 4818 
4750 4818 
4752 4818 
4754 4818 
4756 4818 
4758 4818 
4760 4818 
4762 4818 
4764 4818 
4766 4818 
4768 4818 
4770 4818 
4772 4818 
4774 4818 
4776 4818 
4778 4818 
4780 4818 
4782 4818 
4784 4818 
4786 4818 
4788 4818 
4790 4818 
4792 4818 
4794 4818 
4796 4818 
4798 4818 
4800 4818 
4802 4818 
4804 4818 
4806 4818 
4808 4818 
4810 4818 
4812 4818 
4814 4818 
4816 4818 
4819 4820 
4821 4822 
4837 4860 
4839 4860 
4841 4860 
4843 4860 
4845 4860 
4847 4860 
4849 4860 
4851 4860 
4853 4860 
4855 4860 
4857 4860 
4859 4860 
4864 4867 
4866 4867 
4869 4870 
4871 4885 
4873 4885 
4875 4885 
4877 4885 
4879 4885 
4881 4885 
4883 4885 
4930 5074 
4932 5074 
4934 5074 
4936 5074 
4938 5074 
4940 5074 
4942 5074 
4944 5074 
4946 5074 
4948 5074 
4950 5074 
4952 5074 
4954 5074 
4956 5074 
4958 5074 
4960 5074 
4962 5074 
4964 5074 
4966 5074 
4968 5074 
4970 5074 
4972 5074 
4974 5074 
4976 5074 
4978 5074 
4980 5074 
4982 5074 
4984 5074 
4986 5074 
4988 5074 
4990 5074 
4992 5074 
4994 5074 
4996 5074 
4998 5074 
5000 5074 
5002 5074 
5004 5074 
5006 5074 
5008 5074 
5010 5074 
5012 5074 
5014 5074 
5016 5074 
5018 5074 
5020 5074 
5022 5074 
5024 5074 
5026 5074 
5028 5074 
5030 5074 
5032 5074 
5034 5074 
5036 5074 
5038 5074 
5040 5074 
5042 5074 
5044 5074 
5046 5074 
5048 5074 
5050 5074 
5052 5074 
5054 5074 
5056 5074 
5058 5074 
5060 5074 
5062 5074 
5064 5074 
5066 5074 
5068 5074 
5070 5074 
5072 5074 
5236 5251 
5238 5251 
5240 5251 
5242 5251 
5244 5251 
5246 5251 
5248 5251 
5250 5251 
5268 5276 
5270 5276 
5272 5276 
5274 5276 
5286 5287 
5632 5639 
5634 5639 
5636 5639 
5638 5639 
5725 5743 
5727 5743 
5729 5743 
5731 5743 
5733 5743 
5735 5743 
5737 5743 
5739 5743 
5741 5743 
5921 5976 
5923 5976 
5925 5976 
5927 5976 
5929 5976 
5931 5976 
5933 5976 
5935 5976 
5937 5976 
5939 5976 
5941 5976 
5943 5976 
5945 5976 
5947 5976 
5949 5976 
5951 5976 
5953 5976 
5955 5976 
5957 5976 
5959 5976 
5961 5976 
5963 5976 
5965 5976 
5967 5976 
5969 5976 
5971 5976 
5973 5976 
5975 5976 
5996 6010 
5998 6010 
6000 6010 
6002 6010 
6004 6010 
6006 6010 
6008 6010 
6084 6112 
6086 6112 
6088 6112 
6090 6112 
6092 6112 
6094 6112 
6096 6112 
6098 6112 
6100 6112 
6102 6112 
6104 6112 
6106 6112 
6108 6112 
6110 6112 
6128 6351 
6130 6351 
6132 6351 
6134 6351 
6136 6351 
6138 6351 
6140 6351 
6142 6351 
6144 6351 
6146 6351 
6148 6351 
6150 6351 
6152 6351 
6154 6351 
6156 6351 
6158 6351 
6160 6351 
6162 6351 
6164 6351 
6166 6351 
6168 6351 
6170 6351 
6172 6351 
6174 6351 
6176 6351 
6178 6351 
6180 6351 
6182 6351 
6184 6351 
6186 6351 
6188 6351 
6190 6351 
6192 6351 
6194 6351 
6196 6351 
6198 6351 
6200 6351 
6202 6351 
6204 6351 
6206 6351 
6208 6351 
6210 6351 
6212 6351 
6214 6351 
6216 6351 
6218 6351 
6220 6351 
6222 6351 
6224 6351 
6226 6351 
6228 6351 
6230 6351 
6232 6351 
6234 6351 
6236 6351 
6238 6351 
6240 6351 
6242 6351 
6244 6351 
6246 6351 
6248 6351 
6250 6351 
6252 6351 
6254 6351 
6256 6351 
6258 6351 
6260 6351 
6262 6351 
6264 6351 
6266 6351 
6268 6351 
6270 6351 
6272 6351 
6274 6351 
6276 6351 
6278 6351 
6280 6351 
6282 6351 
6284 6351 
6286 6351 
6288 6351 
6290 6351 
6292 6351 
6294 6351 
6296 6351 
6298 6351 
6300 6351 
6302 6351 
6304 6351 
6306 6351 
6308 6351 
6310 6351 
6312 6351 
6314 6351 
6316 6351 
6318 6351 
6320 6351 
6322 6351 
6324 6351 
6326 6351 
6328 6351 
6330 6351 
6332 6351 
6334 6351 
6336 6351 
6338 6351 
6340 6351 
6342 6351 
6344 6351 
6346 6351 
6348 6351 
6350 6351 
6393 6404 
6395 6404 
6397 6404 
6399 6404 
6401 6404 
6403 6404 
6405 6530 
6407 6530 
6409 6530 
6411 6530 
6413 6530 
6415 6530 
6417 6530 
6419 6530 
6421 6530 
6423 6530 
6425 6530 
6427 6530 
6429 6530 
6431 6530 
6433 6530 
6435 6530 
6437 6530 
6439 6530 
6441 6530 
6443 6530 
6445 6530 
6447 6530 
6449 6530 
6451 6530 
6453 6530 
6455 6530 
6457 6530 
6459 6530 
6461 6530 
6463 6530 
6465 6530 
6467 6530 
6469 6530 
6471 6530 
6473 6530 
6475 6530 
6477 6530 
6479 6530 
6481 6530 
6483 6530 
6485 6530 
6487 6530 
6489 6530 
6491 6530 
6493 6530 
6495 6530 
6497 6530 
6499 6530 
6501 6530 
6503 6530 
6505 6530 
6507 6530 
6509 6530 
6511 6530 
6513 6530 
6515 6530 
6517 6530 
6519 6530 
6521 6530 
6523 6530 
6525 6530 
6527 6530 
6529 6530 
6556 6557 
6579 6604 
6581 6604 
6583 6604 
6585 6604 
6587 6604 
6589 6604 
6591 6604 
6593 6604 
6595 6604 
6597 6604 
6599 6604 
6601 6604 
6603 6604 
6797 6809 
6799 6809 
6801 6809 
6803 6809 
6805 6809 
6807 6809 
6856 6865 
6858 6865 
6860 6865 
6862 6865 
6864 6865 
7175 7192 
7177 7192 
7179 7192 
7181 7192 
7183 7192 
7185 7192 
7187 7192 
7189 7192 
7191 7192 
7203 7205 
7232 7352 
7234 7352 
7236 7352 
7238 7352 
7240 7352 
7242 7352 
7244 7352 
7246 7352 
7248 7352 
7250 7352 
7252 7352 
7254 7352 
7256 7352 
7258 7352 
7260 7352 
7262 7352 
7264 7352 
7266 7352 
7268 7352 
7270 7352 
7272 7352 
7274 7352 
7276 7352 
7278 7352 
7280 7352 
7282 7352 
7284 7352 
7286 7352 
7288 7352 
7290 7352 
7292 7352 
7294 7352 
7296 7352 
7298 7352 
7300 7352 
7302 7352 
7304 7352 
7306 7352 
7308 7352 
7310 7352 
7312 7352 
7314 7352 
7316 7352 
7318 7352 
7320 7352 
7322 7352 
7324 7352 
7326 7352 
7328 7352 
7330 7352 
7332 7352 
7334 7352 
7336 7352 
7338 7352 
7340 7352 
7342 7352 
7344 7352 
7346 7352 
7348 7352 
7350 7352 
7382 7386 
7384 7386 
7428 7480 
7430 7480 
7432 7480 
7434 7480 
7436 7480 
7438 7480 
7440 7480 
7442 7480 
7444 7480 
7446 7480 
7448 7480 
7450 7480 
7452 7480 
7454 7480 
7456 7480 
7458 7480 
7460 7480 
7462 7480 
7464 7480 
7466 7480 
7468 7480 
7470 7480 
7472 7480 
7474 7480 
7476 7480 
7478 7480 
7523 7602 
7525 7602 
7527 7602 
7529 7602 
7531 7602 
7533 7602 
7535 7602 
7537 7602 
7539 7602 
7541 7602 
7543 7602 
7545 7602 
7547 7602 
7549 7602 
7551 7602 
7553 7602 
7555 7602 
7557 7602 
7559 7602 
7561 7602 
7563 7602 
7565 7602 
7567 7602 
7569 7602 
7571 7602 
7573 7602 
7575 7602 
7577 7602 
7579 7602 
7581 7602 
7583 7602 
7585 7602 
7587 7602 
7589 7602 
7591 7602 
7593 7602 
7595 7602 
7597 7602 
7599 7602 
7601 7602 
7649 7741 
7651 7741 
7653 7741 
7655 7741 
7657 7741 
7659 7741 
7661 7741 
7663 7741 
7665 7741 
7667 7741 
7669 7741 
7671 7741 
7673 7741 
7675 7741 
7677 7741 
7679 7741 
7681 7741 
7683 7741 
7685 7741 
7687 7741 
7689 7741 
7691 7741 
7693 7741 
7695 7741 
7697 7741 
7699 7741 
7701 7741 
7703 7741 
7705 7741 
7707 7741 
7709 7741 
7711 7741 
7713 7741 
7715 7741 
7717 7741 
7719 7741 
7721 7741 
7723 7741 
7725 7741 
7727 7741 
7729 7741 
7731 7741 
7733 7741 
7735 7741 
7737 7741 
7739 7741 
7819 7826 
7821 7826 
7823 7826 
7825 7826 
7844 7861 
7846 7861 
7848 7861 
7850 7861 
7852 7861 
7854 7861 
7856 7861 
7858 7861 
7860 7861 
7876 7903 
7878 7903 
7880 7903 
7882 7903 
7884 7903 
7886 7903 
7888 7903 
7890 7903 
7892 7903 
7894 7903 
7896 7903 
7898 7903 
7900 7903 
7902 7903 
7915 7916 
7919 7980 
7921 7980 
7923 7980 
7925 7980 
7927 7980 
7929 7980 
7931 7980 
7933 7980 
7935 7980 
7937 7980 
7939 7980 
7941 7980 
7943 7980 
7945 7980 
7947 7980 
7949 7980 
7951 7980 
7953 7980 
7955 7980 
7957 7980 
7959 7980 
7961 7980 
7963 7980 
7965 7980 
7967 7980 
7969 7980 
7971 7980 
7973 7980 
7975 7980 
7977 7980 
7979 7980 
8002 8046 
8004 8046 
8006 8046 
8008 8046 
8010 8046 
8012 8046 
8014 8046 
8016 8046 
8018 8046 
8020 8046 
8022 8046 
8024 8046 
8026 8046 
8028 8046 
8030 8046 
8032 8046 
8034 8046 
8036 8046 
8038 8046 
8040 8046 
8042 8046 
8044 8046 
8059 8101 
8061 8101 
8063 8101 
8065 8101 
8067 8101 
8069 8101 
8071 8101 
8073 8101 
8075 8101 
8077 8101 
8079 8101 
8081 8101 
8083 8101 
8085 8101 
8087 8101 
8089 8101 
8091 8101 
8093 8101 
8095 8101 
8097 8101 
8099 8101 
8121 8173 
8123 8173 
8125 8173 
8127 8173 
8129 8173 
8131 8173 
8133 8173 
8135 8173 
8137 8173 
8139 8173 
8141 8173 
8143 8173 
8145 8173 
8147 8173 
8149 8173 
8151 8173 
8153 8173 
8155 8173 
8157 8173 
8159 8173 
8161 8173 
8163 8173 
8165 8173 
8167 8173 
8169 8173 
8171 8173 
8370 8431 
8372 8431 
8374 8431 
8376 8431 
8378 8431 
8380 8431 
8382 8431 
8384 8431 
8386 8431 
8388 8431 
8390 8431 
8392 8431 
8394 8431 
8396 8431 
8398 8431 
8400 8431 
8402 8431 
8404 8431 
8406 8431 
8408 8431 
8410 8431 
8412 8431 
8414 8431 
8416 8431 
8418 8431 
8420 8431 
8422 8431 
8424 8431 
8426 8431 
8428 8431 
8430 8431 
8587 8666 
8589 8666 
8591 8666 
8593 8666 
8595 8666 
8597 8666 
8599 8666 
8601 8666 
8603 8666 
8605 8666 
8607 8666 
8609 8666 
8611 8666 
8613 8666 
8615 8666 
8617 8666 
8619 8666 
8621 8666 
8623 8666 
8625 8666 
8627 8666 
8629 8666 
8631 8666 
8633 8666 
8635 8666 
8637 8666 
8639 8666 
8641 8666 
8643 8666 
8645 8666 
8647 8666 
8649 8666 
8651 8666 
8653 8666 
8655 8666 
8657 8666 
8659 8666 
8661 8666 
8663 8666 
8665 8666 
8773 8849 
8775 8849 
8777 8849 
8779 8849 
8781 8849 
8783 8849 
8785 8849 
8787 8849 
8789 8849 
8791 8849 
8793 8849 
8795 8849 
8797 8849 
8799 8849 
8801 8849 
8803 8849 
8805 8849 
8807 8849 
8809 8849 
8811 8849 
8813 8849 
8815 8849 
8817 8849 
8819 8849 
8821 8849 
8823 8849 
8825 8849 
8827 8849 
8829 8849 
8831 8849 
8833 8849 
8835 8849 
8837 8849 
8839 8849 
8841 8849 
8843 8849 
8845 8849 
8847 8849 
9001 9109 
9003 9109 
9005 9109 
9007 9109 
9009 9109 
9011 9109 
9013 9109 
9015 9109 
9017 9109 
9019 9109 
9021 9109 
9023 9109 
9025 9109 
9027 9109 
9029 9109 
9031 9109 
9033 9109 
9035 9109 
9037 9109 
9039 9109 
9041 9109 
9043 9109 
9045 9109 
9047 9109 
9049 9109 
9051 9109 
9053 9109 
9055 9109 
9057 9109 
9059 9109 
9061 9109 
9063 9109 
9065 9109 
9067 9109 
9069 9109 
9071 9109 
9073 9109 
9075 9109 
9077 9109 
9079 9109 
9081 9109 
9083 9109 
9085 9109 
9087 9109 
9089 9109 
9091 9109 
9093 9109 
9095 9109 
9097 9109 
9099 9109 
9101 9109 
9103 9109 
9105 9109 
9107 9109 
9154 9177 
9156 9177 
9158 9177 
9160 9177 
9162 9177 
9164 9177 
9166 9177 
9168 9177 
9170 9177 
9172 9177 
9174 9177 
9176 9177 
9232 9375 
9234 9375 
9236 9375 
9238 9375 
9240 9375 
9242 9375 
9244 9375 
9246 9375 
9248 9375 
9250 9375 
9252 9375 
9254 9375 
9256 9375 
9258 9375 
9260 9375 
9262 9375 
9264 9375 
9266 9375 
9268 9375 
9270 9375 
9272 9375 
9274 9375 
9276 9375 
9278 9375 
9280 9375 
9282 9375 
9284 9375 
9286 9375 
9288 9375 
9290 9375 
9292 9375 
9294 9375 
9296 9375 
9298 9375 
9300 9375 
9302 9375 
9304 9375 
9306 9375 
9308 9375 
9310 9375 
9312 9375 
9314 9375 
9316 9375 
9318 9375 
9320 9375 
9322 9375 
9324 9375 
9326 9375 
9328 9375 
9330 9375 
9332 9375 
9334 9375 
9336 9375 
9338 9375 
9340 9375 
9342 9375 
9344 9375 
9346 9375 
9348 9375 
9350 9375 
9352 9375 
9354 9375 
9356 9375 
9358 9375 
9360 9375 
9362 9375 
9364 9375 
9366 9375 
9368 9375 
9370 9375 
9372 9375 
9374 9375 
9485 9497 
9487 9497 
9489 9497 
9491 9497 
9493 9497 
9495 9497 
9653 9682 
9655 9682 
9657 9682 
9659 9682 
9661 9682 
9663 9682 
9665 9682 
9667 9682 
9669 9682 
9671 9682 
9673 9682 
9675 9682 
9677 9682 
9679 9682 
9681 9682 
9795 9843 
9797 9843 
9799 9843 
9801 9843 
9803 9843 
9805 9843 
9807 9843 
9809 9843 
9811 9843 
9813 9843 
9815 9843 
9817 9843 
9819 9843 
9821 9843 
9823 9843 
9825 9843 
9827 9843 
9829 9843 
9831 9843 
9833 9843 
9835 9843 
9837 9843 
9839 9843 
9841 9843 
9846 9973 
9848 9973 
9850 9973 
9852 9973 
9854 9973 
9856 9973 
9858 9973 
9860 9973 
9862 9973 
9864 9973 
9866 9973 
9868 9973 
9870 9973 
9872 9973 
9874 9973 
9876 9973 
9878 9973 
9880 9973 
9882 9973 
9884 9973 
9886 9973 
9888 9973 
9890 9973 
9892 9973 
9894 9973 
9896 9973 
9898 9973 
9900 9973 
9902 9973 
9904 9973 
9906 9973 
9908 9973 
9910 9973 
9912 9973 
9914 9973 
9916 9973 
9918 9973 
9920 9973 
9922 9973 
9924 9973 
9926 9973 
9928 9973 
9930 9973 
9932 9973 
9934 9973 
9936 9973 
9938 9973 
9940 9973 
9942 9973 
9944 9973 
9946 9973 
9948 9973 
9950 9973 
9952 9973 
9954 9973 
9956 9973 
9958 9973 
9960 9973 
9962 9973 
9964 9973 
9966 9973 
9968 9973 
9970 9973 
9972 9973 
9989 10008 
9991 10008 
9993 10008 
9995 10008 
9997 10008 
9999 10008 
10001 10008 
10003 10008 
10005 10008 
10007 10008 
10076 10102 
10078 10102 
10080 10102 
10082 10102 
10084 10102 
10086 10102 
10088 10102 
10090 10102 
10092 10102 
10094 10102 
10096 10102 
10098 10102 
10100 10102 
10103 10105 
10128 10129 
10130 10140 
10132 10140 
10134 10140 
10136 10140 
10138 10140 
10170 10191 
10172 10191 
10174 10191 
10176 10191 
10178 10191 
10180 10191 
10182 10191 
10184 10191 
10186 10191 
10188 10191 
10190 10191 
10194 10195 
10249 10254 
10251 10254 
10253 10254 
10255 10256 
10257 10266 
10259 10266 
10261 10266 
10263 10266 
10265 10266 
10274 10301 
10276 10301 
10278 10301 
10280 10301 
10282 10301 
10284 10301 
10286 10301 
10288 10301 
10290 10301 
10292 10301 
10294 10301 
10296 10301 
10298 10301 
10300 10301 
10320 10539 
10322 10539 
10324 10539 
10326 10539 
10328 10539 
10330 10539 
10332 10539 
10334 10539 
10336 10539 
10338 10539 
10340 10539 
10342 10539 
10344 10539 
10346 10539 
10348 10539 
10350 10539 
10352 10539 
10354 10539 
10356 10539 
10358 10539 
10360 10539 
10362 10539 
10364 10539 
10366 10539 
10368 10539 
10370 10539 
10372 10539 
10374 10539 
10376 10539 
10378 10539 
10380 10539 
10382 10539 
10384 10539 
10386 10539 
10388 10539 
10390 10539 
10392 10539 
10394 10539 
10396 10539 
10398 10539 
10400 10539 
10402 10539 
10404 10539 
10406 10539 
10408 10539 
10410 10539 
10412 10539 
10414 10539 
10416 10539 
10418 10539 
10420 10539 
10422 10539 
10424 10539 
10426 10539 
10428 10539 
10430 10539 
10432 10539 
10434 10539 
10436 10539 
10438 10539 
10440 10539 
10442 10539 
10444 10539 
10446 10539 
10448 10539 
10450 10539 
10452 10539 
10454 10539 
10456 10539 
10458 10539 
10460 10539 
10462 10539 
10464 10539 
10466 10539 
10468 10539 
10470 10539 
10472 10539 
10474 10539 
10476 10539 
10478 10539 
10480 10539 
10482 10539 
10484 10539 
10486 10539 
10488 10539 
10490 10539 
10492 10539 
10494 10539 
10496 10539 
10498 10539 
10500 10539 
10502 10539 
10504 10539 
10506 10539 
10508 10539 
10510 10539 
10512 10539 
10514 10539 
10516 10539 
10518 10539 
10520 10539 
10522 10539 
10524 10539 
10526 10539 
10528 10539 
10530 10539 
10532 10539 
10534 10539 
10536 10539 
10538 10539 
10543 10545 
10625 10791 
10627 10791 
10629 10791 
10631 10791 
10633 10791 
10635 10791 
10637 10791 
10639 10791 
10641 10791 
10643 10791 
10645 10791 
10647 10791 
10649 10791 
10651 10791 
10653 10791 
10655 10791 
10657 10791 
10659 10791 
10661 10791 
10663 10791 
10665 10791 
10667 10791 
10669 10791 
10671 10791 
10673 10791 
10675 10791 
10677 10791 
10679 10791 
10681 10791 
10683 10791 
10685 10791 
10687 10791 
10689 10791 
10691 10791 
10693 10791 
10695 10791 
10697 10791 
10699 10791 
10701 10791 
10703 10791 
10705 10791 
10707 10791 
10709 10791 
10711 10791 
10713 10791 
10715 10791 
10717 10791 
10719 10791 
10721 10791 
10723 10791 
10725 10791 
10727 10791 
10729 10791 
10731 10791 
10733 10791 
10735 10791 
10737 10791 
10739 10791 
10741 10791 
10743 10791 
10745 10791 
10747 10791 
10749 10791 
10751 10791 
10753 10791 
10755 10791 
10757 10791 
10759 10791 
10761 10791 
10763 10791 
10765 10791 
10767 10791 
10769 10791 
10771 10791 
10773 10791 
10775 10791 
10777 10791 
10779 10791 
10781 10791 
10783 10791 
10785 10791 
10787 10791 
10789 10791 
10811 10834 
10813 10834 
10815 10834 
10817 10834 
10819 10834 
10821 10834 
10823 10834 
10825 10834 
10827 10834 
10829 10834 
10831 10834 
10833 10834 
10838 10931 
10840 10931 
10842 10931 
10844 10931 
10846 10931 
10848 10931 
10850 10931 
10852 10931 
10854 10931 
10856 10931 
10858 10931 
10860 10931 
10862 10931 
10864 10931 
10866 10931 
10868 10931 
10870 10931 
10872 10931 
10874 10931 
10876 10931 
10878 10931 
10880 10931 
10882 10931 
10884 10931 
10886 10931 
10888 10931 
10890 10931 
10892 10931 
10894 10931 
10896 10931 
10898 10931 
10900 10931 
10902 10931 
10904 10931 
10906 10931 
10908 10931 
10910 10931 
10912 10931 
10914 10931 
10916 10931 
10918 10931 
10920 10931 
10922 10931 
10924 10931 
10926 10931 
10928 10931 
10930 10931 
10933 10935 
10940 10950 
10942 10950 
10944 10950 
10946 10950 
10948 10950 
10951 11032 
10953 11032 
10955 11032 
10957 11032 
10959 11032 
10961 11032 
10963 11032 
10965 11032 
10967 11032 
10969 11032 
10971 11032 
10973 11032 
10975 11032 
10977 11032 
10979 11032 
10981 11032 
10983 11032 
10985 11032 
10987 11032 
10989 11032 
10991 11032 
10993 11032 
10995 11032 
10997 11032 
10999 11032 
11001 11032 
11003 11032 
11005 11032 
11007 11032 
11009 11032 
11011 11032 
11013 11032 
11015 11032 
11017 11032 
11019 11032 
11021 11032 
11023 11032 
11025 11032 
11027 11032 
11029 11032 
11031 11032 
11036 11133 
11038 11133 
11040 11133 
11042 11133 
11044 11133 
11046 11133 
11048 11133 
11050 11133 
11052 11133 
11054 11133 
11056 11133 
11058 11133 
11060 11133 
11062 11133 
11064 11133 
11066 11133 
11068 11133 
11070 11133 
11072 11133 
11074 11133 
11076 11133 
11078 11133 
11080 11133 
11082 11133 
11084 11133 
11086 11133 
11088 11133 
11090 11133 
11092 11133 
11094 11133 
11096 11133 
11098 11133 
11100 11133 
11102 11133 
11104 11133 
11106 11133 
11108 11133 
11110 11133 
11112 11133 
11114 11133 
11116 11133 
11118 11133 
11120 11133 
11122 11133 
11124 11133 
11126 11133 
11128 11133 
11130 11133 
11132 11133 
11163 11166 
11165 11166 
11172 11319 
11174 11319 
11176 11319 
11178 11319 
11180 11319 
11182 11319 
11184 11319 
11186 11319 
11188 11319 
11190 11319 
11192 11319 
11194 11319 
11196 11319 
11198 11319 
11200 11319 
11202 11319 
11204 11319 
11206 11319 
11208 11319 
11210 11319 
11212 11319 
11214 11319 
11216 11319 
11218 11319 
11220 11319 
11222 11319 
11224 11319 
11226 11319 
11228 11319 
11230 11319 
11232 11319 
11234 11319 
11236 11319 
11238 11319 
11240 11319 
11242 11319 
11244 11319 
11246 11319 
11248 11319 
11250 11319 
11252 11319 
11254 11319 
11256 11319 
11258 11319 
11260 11319 
11262 11319 
11264 11319 
11266 11319 
11268 11319 
11270 11319 
11272 11319 
11274 11319 
11276 11319 
11278 11319 
11280 11319 
11282 11319 
11284 11319 
11286 11319 
11288 11319 
11290 11319 
11292 11319 
11294 11319 
11296 11319 
11298 11319 
11300 11319 
11302 11319 
11304 11319 
11306 11319 
11308 11319 
11310 11319 
11312 11319 
11314 11319 
11316 11319 
11318 11319 
11348 11352 
11350 11352 
11375 11404 
11377 11404 
11379 11404 
11381 11404 
11383 11404 
11385 11404 
11387 11404 
11389 11404 
11391 11404 
11393 11404 
11395 11404 
11397 11404 
11399 11404 
11401 11404 
11403 11404 
11417 11418 
11425 11449 
11427 11449 
11429 11449 
11431 11449 
11433 11449 
11435 11449 
11437 11449 
11439 11449 
11441 11449 
11443 11449 
11445 11449 
11447 11449 
11493 11498 
11495 11498 
11497 11498 
11499 11626 
11501 11626 
11503 11626 
11505 11626 
11507 11626 
11509 11626 
11511 11626 
11513 11626 
11515 11626 
11517 11626 
11519 11626 
11521 11626 
11523 11626 
11525 11626 
11527 11626 
11529 11626 
11531 11626 
11533 11626 
11535 11626 
11537 11626 
11539 11626 
11541 11626 
11543 11626 
11545 11626 
11547 11626 
11549 11626 
11551 11626 
11553 11626 
11555 11626 
11557 11626 
11559 11626 
11561 11626 
11563 11626 
11565 11626 
11567 11626 
11569 11626 
11571 11626 
11573 11626 
11575 11626 
11577 11626 
11579 11626 
11581 11626 
11583 11626 
11585 11626 
11587 11626 
11589 11626 
11591 11626 
11593 11626 
11595 11626 
11597 11626 
11599 11626 
11601 11626 
11603 11626 
11605 11626 
11607 11626 
11609 11626 
11611 11626 
11613 11626 
11615 11626 
11617 11626 
11619 11626 
11621 11626 
11623 11626 
11625 11626 
11643 11807 
11645 11807 
11647 11807 
11649 11807 
11651 11807 
11653 11807 
11655 11807 
11657 11807 
11659 11807 
11661 11807 
11663 11807 
11665 11807 
11667 11807 
11669 11807 
11671 11807 
11673 11807 
11675 11807 
11677 11807 
11679 11807 
11681 11807 
11683 11807 
11685 11807 
11687 11807 
11689 11807 
11691 11807 
11693 11807 
11695 11807 
11697 11807 
11699 11807 
11701 11807 
11703 11807 
11705 11807 
11707 11807 
11709 11807 
11711 11807 
11713 11807 
11715 11807 
11717 11807 
11719 11807 
11721 11807 
11723 11807 
11725 11807 
11727 11807 
11729 11807 
11731 11807 
11733 11807 
11735 11807 
11737 11807 
11739 11807 
11741 11807 
11743 11807 
11745 11807 
11747 11807 
11749 11807 
11751 11807 
11753 11807 
11755 11807 
11757 11807 
11759 11807 
11761 11807 
11763 11807 
11765 11807 
11767 11807 
11769 11807 
11771 11807 
11773 11807 
11775 11807 
11777 11807 
11779 11807 
11781 11807 
11783 11807 
11785 11807 
11787 11807 
11789 11807 
11791 11807 
11793 11807 
11795 11807 
11797 11807 
11799 11807 
11801 11807 
11803 11807 
11805 11807 
11809 11813 
11811 11813 
11814 11818 
11816 11818 
11820 11831 
11822 11831 
11824 11831 
11826 11831 
11828 11831 
11830 11831 
11850 11877 
11852 11877 
11854 11877 
11856 11877 
11858 11877 
11860 11877 
11862 11877 
11864 11877 
11866 11877 
11868 11877 
11870 11877 
11872 11877 
11874 11877 
11876 11877 
11895 11993 
11897 11993 
11899 11993 
11901 11993 
11903 11993 
11905 11993 
11907 11993 
11909 11993 
11911 11993 
11913 11993 
11915 11993 
11917 11993 
11919 11993 
11921 11993 
11923 11993 
11925 11993 
11927 11993 
11929 11993 
11931 11993 
11933 11993 
11935 11993 
11937 11993 
11939 11993 
11941 11993 
11943 11993 
11945 11993 
11947 11993 
11949 11993 
11951 11993 
11953 11993 
11955 11993 
11957 11993 
11959 11993 
11961 11993 
11963 11993 
11965 11993 
11967 11993 
11969 11993 
11971 11993 
11973 11993 
11975 11993 
11977 11993 
11979 11993 
11981 11993 
11983 11993 
11985 11993 
11987 11993 
11989 11993 
11991 11993 
12010 12022 
12012 12022 
12014 12022 
12016 12022 
12018 12022 
12020 12022 
12036 12037 
12072 12084 
12074 12084 
12076 12084 
12078 12084 
12080 12084 
12082 12084 
12191 12241 
12193 12241 
12195 12241 
12197 12241 
12199 12241 
12201 12241 
12203 12241 
12205 12241 
12207 12241 
12209 12241 
12211 12241 
12213 12241 
12215 12241 
12217 12241 
12219 12241 
12221 12241 
12223 12241 
12225 12241 
12227 12241 
12229 12241 
12231 12241 
12233 12241 
12235 12241 
12237 12241 
12239 12241 
12247 12258 
12249 12258 
12251 12258 
12253 12258 
12255 12258 
12257 12258 
12280 12476 
12282 12476 
12284 12476 
12286 12476 
12288 12476 
12290 12476 
12292 12476 
12294 12476 
12296 12476 
12298 12476 
12300 12476 
12302 12476 
12304 12476 
12306 12476 
12308 12476 
12310 12476 
12312 12476 
12314 12476 
12316 12476 
12318 12476 
12320 12476 
12322 12476 
12324 12476 
12326 12476 
12328 12476 
12330 12476 
12332 12476 
12334 12476 
12336 12476 
12338 12476 
12340 12476 
12342 12476 
12344 12476 
12346 12476 
12348 12476 
12350 12476 
12352 12476 
12354 12476 
12356 12476 
12358 12476 
12360 12476 
12362 12476 
12364 12476 
12366 12476 
12368 12476 
12370 12476 
12372 12476 
12374 12476 
12376 12476 
12378 12476 
12380 12476 
12382 12476 
12384 12476 
12386 12476 
12388 12476 
12390 12476 
12392 12476 
12394 12476 
12396 12476 
12398 12476 
12400 12476 
12402 12476 
12404 12476 
12406 12476 
12408 12476 
12410 12476 
12412 12476 
12414 12476 
12416 12476 
12418 12476 
12420 12476 
12422 12476 
12424 12476 
12426 12476 
12428 12476 
12430 12476 
12432 12476 
12434 12476 
12436 12476 
12438 12476 
12440 12476 
12442 12476 
12444 12476 
12446 12476 
12448 12476 
12450 12476 
12452 12476 
12454 12476 
12456 12476 
12458 12476 
12460 12476 
12462 12476 
12464 12476 
12466 12476 
12468 12476 
12470 12476 
12472 12476 
12474 12476 
12477 12489 
12479 12489 
12481 12489 
12483 12489 
12485 12489 
12487 12489 
12490 12492 
12493 12501 
12495 12501 
12497 12501 
12499 12501 
12526 12659 
12528 12659 
12530 12659 
12532 12659 
12534 12659 
12536 12659 
12538 12659 
12540 12659 
12542 12659 
12544 12659 
12546 12659 
12548 12659 
12550 12659 
12552 12659 
12554 12659 
12556 12659 
12558 12659 
12560 12659 
12562 12659 
12564 12659 
12566 12659 
12568 12659 
12570 12659 
12572 12659 
12574 12659 
12576 12659 
12578 12659 
12580 12659 
12582 12659 
12584 12659 
12586 12659 
12588 12659 
12590 12659 
12592 12659 
12594 12659 
12596 12659 
12598 12659 
12600 12659 
12602 12659 
12604 12659 
12606 12659 
12608 12659 
12610 12659 
12612 12659 
12614 12659 
12616 12659 
12618 12659 
12620 12659 
12622 12659 
12624 12659 
12626 12659 
12628 12659 
12630 12659 
12632 12659 
12634 12659 
12636 12659 
12638 12659 
12640 12659 
12642 12659 
12644 12659 
12646 12659 
12648 12659 
12650 12659 
12652 12659 
12654 12659 
12656 12659 
12658 12659 
12666 12671 
12668 12671 
12670 12671 
12706 12712 
12708 12712 
12710 12712 
12718 12724 
12720 12724 
12722 12724 
12725 12726 
12732 12737 
12734 12737 
12736 12737 
12794 12798 
12796 12798 
12799 12801 
12805 12813 
12807 12813 
12809 12813 
12811 12813 
12819 12820 
12822 12826 
12824 12826 
12842 12844 
12846 12858 
12848 12858 
12850 12858 
12852 12858 
12854 12858 
12856 12858 
12889 12911 
12891 12911 
12893 12911 
12895 12911 
12897 12911 
12899 12911 
12901 12911 
12903 12911 
12905 12911 
12907 12911 
12909 12911 
12998 12999 
13013 13017 
13015 13017 
13019 13044 
13021 13044 
13023 13044 
13025 13044 
13027 13044 
13029 13044 
13031 13044 
13033 13044 
13035 13044 
13037 13044 
13039 13044 
13041 13044 
13043 13044 
13076 13372 
13078 13372 
13080 13372 
13082 13372 
13084 13372 
13086 13372 
13088 13372 
13090 13372 
13092 13372 
13094 13372 
13096 13372 
13098 13372 
13100 13372 
13102 13372 
13104 13372 
13106 13372 
13108 13372 
13110 13372 
13112 13372 
13114 13372 
13116 13372 
13118 13372 
13120 13372 
13122 13372 
13124 13372 
13126 13372 
13128 13372 
13130 13372 
13132 13372 
13134 13372 
13136 13372 
13138 13372 
13140 13372 
13142 13372 
13144 13372 
13146 13372 
13148 13372 
13150 13372 
13152 13372 
13154 13372 
13156 13372 
13158 13372 
13160 13372 
13162 13372 
13164 13372 
13166 13372 
13168 13372 
13170 13372 
13172 13372 
13174 13372 
13176 13372 
13178 13372 
13180 13372 
13182 13372 
13184 13372 
13186 13372 
13188 13372 
13190 13372 
13192 13372 
13194 13372 
13196 13372 
13198 13372 
13200 13372 
13202 13372 
13204 13372 
13206 13372 
13208 13372 
13210 13372 
13212 13372 
13214 13372 
13216 13372 
13218 13372 
13220 13372 
13222 13372 
13224 13372 
13226 13372 
13228 13372 
13230 13372 
13232 13372 
13234 13372 
13236 13372 
13238 13372 
13240 13372 
13242 13372 
13244 13372 
13246 13372 
13248 13372 
13250 13372 
13252 13372 
13254 13372 
13256 13372 
13258 13372 
13260 13372 
13262 13372 
13264 13372 
13266 13372 
13268 13372 
13270 13372 
13272 13372 
13274 13372 
13276 13372 
13278 13372 
13280 13372 
13282 13372 
13284 13372 
13286 13372 
13288 13372 
13290 13372 
13292 13372 
13294 13372 
13296 13372 
13298 13372 
13300 13372 
13302 13372 
13304 13372 
13306 13372 
13308 13372 
13310 13372 
13312 13372 
13314 13372 
13316 13372 
13318 13372 
13320 13372 
13322 13372 
13324 13372 
13326 13372 
13328 13372 
13330 13372 
13332 13372 
13334 13372 
13336 13372 
13338 13372 
13340 13372 
13342 13372 
13344 13372 
13346 13372 
13348 13372 
13350 13372 
13352 13372 
13354 13372 
13356 13372 
13358 13372 
13360 13372 
13362 13372 
13364 13372 
13366 13372 
13368 13372 
13370 13372 
13477 13478 
13532 13534 
13535 13538 
13537 13538 
13539 13540 
13550 13551 
13555 13571 
13557 13571 
13559 13571 
13561 13571 
13563 13571 
13565 13571 
13567 13571 
13569 13571 
13588 13811 
13590 13811 
13592 13811 
13594 13811 
13596 13811 
13598 13811 
13600 13811 
13602 13811 
13604 13811 
13606 13811 
13608 13811 
13610 13811 
13612 13811 
13614 13811 
13616 13811 
13618 13811 
13620 13811 
13622 13811 
13624 13811 
13626 13811 
13628 13811 
13630 13811 
13632 13811 
13634 13811 
13636 13811 
13638 13811 
13640 13811 
13642 13811 
13644 13811 
13646 13811 
13648 13811 
13650 13811 
13652 13811 
13654 13811 
13656 13811 
13658 13811 
13660 13811 
13662 13811 
13664 13811 
13666 13811 
13668 13811 
13670 13811 
13672 13811 
13674 13811 
13676 13811 
13678 13811 
13680 13811 
13682 13811 
13684 13811 
13686 13811 
13688 13811 
13690 13811 
13692 13811 
13694 13811 
13696 13811 
13698 13811 
13700 13811 
13702 13811 
13704 13811 
13706 13811 
13708 13811 
13710 13811 
13712 13811 
13714 13811 
13716 13811 
13718 13811 
13720 13811 
13722 13811 
13724 13811 
13726 13811 
13728 13811 
13730 13811 
13732 13811 
13734 13811 
13736 13811 
13738 13811 
13740 13811 
13742 13811 
13744 13811 
13746 13811 
13748 13811 
13750 13811 
13752 13811 
13754 13811 
13756 13811 
13758 13811 
13760 13811 
13762 13811 
13764 13811 
13766 13811 
13768 13811 
13770 13811 
13772 13811 
13774 13811 
13776 13811 
13778 13811 
13780 13811 
13782 13811 
13784 13811 
13786 13811 
13788 13811 
13790 13811 
13792 13811 
13794 13811 
13796 13811 
13798 13811 
13800 13811 
13802 13811 
13804 13811 
13806 13811 
13808 13811 
13810 13811 
13840 13842 
13843 13875 
13845 13875 
13847 13875 
13849 13875 
13851 13875 
13853 13875 
13855 13875 
13857 13875 
13859 13875 
13861 13875 
13863 13875 
13865 13875 
13867 13875 
13869 13875 
13871 13875 
13873 13875 
13918 13945 
13920 13945 
13922 13945 
13924 13945 
13926 13945 
13928 13945 
13930 13945 
13932 13945 
13934 13945 
13936 13945 
13938 13945 
13940 13945 
13942 13945 
13944 13945 
13957 13978 
13959 13978 
13961 13978 
13963 13978 
13965 13978 
13967 13978 
13969 13978 
13971 13978 
13973 13978 
13975 13978 
13977 13978 
13979 13980 
13989 14173 
13991 14173 
13993 14173 
13995 14173 
13997 14173 
13999 14173 
14001 14173 
14003 14173 
14005 14173 
14007 14173 
14009 14173 
14011 14173 
14013 14173 
14015 14173 
14017 14173 
14019 14173 
14021 14173 
14023 14173 
14025 14173 
14027 14173 
14029 14173 
14031 14173 
14033 14173 
14035 14173 
14037 14173 
14039 14173 
14041 14173 
14043 14173 
14045 14173 
14047 14173 
14049 14173 
14051 14173 
14053 14173 
14055 14173 
14057 14173 
14059 14173 
14061 14173 
14063 14173 
14065 14173 
14067 14173 
14069 14173 
14071 14173 
14073 14173 
14075 14173 
14077 14173 
14079 14173 
14081 14173 
14083 14173 
14085 14173 
14087 14173 
14089 14173 
14091 14173 
14093 14173 
14095 14173 
14097 14173 
14099 14173 
14101 14173 
14103 14173 
14105 14173 
14107 14173 
14109 14173 
14111 14173 
14113 14173 
14115 14173 
14117 14173 
14119 14173 
14121 14173 
14123 14173 
14125 14173 
14127 14173 
14129 14173 
14131 14173 
14133 14173 
14135 14173 
14137 14173 
14139 14173 
14141 14173 
14143 14173 
14145 14173 
14147 14173 
14149 14173 
14151 14173 
14153 14173 
14155 14173 
14157 14173 
14159 14173 
14161 14173 
14163 14173 
14165 14173 
14167 14173 
14169 14173 
14171 14173 
14175 14183 
14177 14183 
14179 14183 
14181 14183 
14185 14220 
14187 14220 
14189 14220 
14191 14220 
14193 14220 
14195 14220 
14197 14220 
14199 14220 
14201 14220 
14203 14220 
14205 14220 
14207 14220 
14209 14220 
14211 14220 
14213 14220 
14215 14220 
14217 14220 
14219 14220 
14221 14231 
14223 14231 
14225 14231 
14227 14231 
14229 14231 
14248 14249 
14251 14281 
14253 14281 
14255 14281 
14257 14281 
14259 14281 
14261 14281 
14263 14281 
14265 14281 
14267 14281 
14269 14281 
14271 14281 
14273 14281 
14275 14281 
14277 14281 
14279 14281 
